-4.322230193293354061e-02
6.298735401639919858e-03
7.238305526713044447e-02
-7.042990319746798844e-02
-1.780199013823067361e-02
-5.641860539859971241e-03
-4.338162583883142798e-02
-2.870820028787486990e-04
1.095630729645881984e-01
3.618800353387533354e-03
3.162336943572999649e-03
1.736029262454882524e-03
1.481044239875802318e-02
-8.206140114721253986e-02
-1.948904845213272549e-02
6.306362540253235283e-02
9.100589598546164616e-02
5.176258114364445245e-02
-2.818253329074095481e-02
-8.291878139057167613e-03
-3.631022285629631474e-02
2.416263989855177430e-02
1.982686110181113015e-02
3.503750941788263268e-02
-1.712720831486234940e-01
7.929794903279493989e-02
7.570170258875469349e-02
3.849058374116116898e-02
4.332526963429134126e-02
-6.557126380357039541e-02
1.171942012417809542e-01
-1.006352704238027904e-02
1.061236688052819149e-01
2.364996787405023934e-02
-1.083577162173752911e-01
6.893305744023495163e-02
1.331622254825973461e-01
-2.692170745776558891e-02
-3.983705052259835927e-03
-2.885959909297392684e-02
1.343660139751530654e-02
-8.217607729245916814e-02
3.475573218838372280e-02
-8.932145629377616358e-02
5.474417602784553694e-02
7.538745340014899043e-02
9.585166839142868905e-03
-1.171773924762303798e-02
1.346881017844306638e-01
-1.120971315818445752e-01
-6.812078181433481316e-02
3.685182774152793300e-02
2.651668582393916160e-02
1.483216012711450760e-01
-2.374677685522202930e-02
-7.547687384633255947e-02
4.322209100217143385e-02
1.592777137131402149e-02
-5.054769082051793067e-02
-5.358096035648206995e-02
-1.664729075197003694e-02
2.697034887758190114e-02
4.500799708785585551e-03
-2.698608962743109449e-02
1.291594508304697297e-01
-4.445019462860157200e-02
-1.042923906964995234e-01
5.695237654158624534e-03
-3.785312464987219613e-03
-6.721170390914363302e-02
-5.011622076360508493e-02
1.192724468642054753e-01
2.250758673646999566e-02
5.619811685380211169e-02
2.987102071230123002e-02
-4.228607467176705853e-02
1.275239029506398392e-01
-2.117379988834079685e-02
-2.646082241625118819e-02
-5.874916874709674303e-02
5.783791606645011241e-02
-8.129776105729531743e-02
4.147632170791965694e-02
6.506142300805665968e-02
2.631202312775513669e-02
7.634311743683208640e-02
-9.027200740202373508e-02
4.854685078192248066e-02
4.154789158829902407e-02
-1.966046442602009323e-02
1.662068453496090906e-02
-7.234844538033759209e-02
-1.013220048647569538e-01
3.174446804967707980e-02
-4.770723764796352268e-02
5.461646903018999022e-02
1.807669751091353985e-02
-1.028894372826969113e-02
5.329696620770949661e-02
-3.399552896407527502e-02
4.232888660366148346e-04
-1.514938817862084876e-02
-1.703378625901407276e-02
4.042650147695349416e-02
1.508853445377275893e-01
-7.335300136253741776e-02
-9.468501155761796517e-02
-6.401038774188770770e-03
4.668460387070249434e-02
-9.183772376214224820e-02
-2.662921883402543863e-02
2.115416443998206775e-02
1.069085338495471757e-02
-7.284546887269056914e-02
-4.997533311391362532e-02
1.068001935919586816e-02
-2.262686484226425487e-02
6.628348521802371329e-02
4.717635014202497395e-02
2.394508149932550803e-02
5.958167328391424100e-02
-1.361025349711745824e-01
-4.793049065368938655e-02
-2.352921625220971702e-02
-1.001798612593976512e-02
1.318131577002176757e-02
-7.491368480001205088e-02
-6.625376122770210152e-02
8.858137702940138691e-02
4.294989188961258891e-02
-8.388702812001866405e-02
-3.249756420319660499e-02
-1.109410881447766284e-01
-6.200832031214986023e-02
9.421047122194783907e-02
-4.470874747774115920e-02
3.088516332316708704e-02
-3.503582313637251811e-02
1.524186433999554502e-01
8.782723165760598916e-03
-4.408890745244511966e-02
2.682993235021085068e-02
4.142000555707388981e-02
-3.793389387233073173e-02
-2.373238174769527753e-02
1.775215482303986426e-04
1.150349758368806735e-01
-1.226757734091016121e-02
8.181018171659426227e-03
-7.819693861528016418e-03
6.896917423621579460e-03
4.039084353987421050e-02
-4.274452798757433919e-02
7.743907820009637843e-02
-1.262755391176582052e-02
-4.352467017277520528e-02
6.049650013721096647e-02
7.446948260608261816e-02
-5.517279191171925445e-02
4.577519333702623205e-02
6.587027620798926498e-05
-2.156799835132415868e-02
-5.706561814790377107e-02
2.335994258747890046e-02
7.595304359675346395e-02
-3.292161247454469808e-02
1.123414559244293315e-01
1.727413786388682509e-02
-8.266462070077551516e-02
5.008404417894591482e-02
-9.674418242583490701e-02
-2.200863139910802860e-02
-7.207716703463172558e-02
8.546298769089807901e-02
1.164942238535334948e-02
7.599637696959735123e-02
-1.590967567257124682e-02
-2.116597976746941584e-02
7.249032060271468070e-02
1.176024828573505980e-02
-9.023222299519677303e-02
1.332514886897213924e-01
2.000282473638030634e-02
-5.595166532609765911e-04
-6.136857008863805252e-02
-5.748841928245012473e-02
-8.176259747750302953e-02
3.783175032722501090e-03
-3.193565473977767744e-02
-4.740992833945729956e-02
3.913921367290902620e-02
8.799853731545492774e-02
6.412827887949049122e-02
4.499794174469948921e-02
-1.300040724875219014e-03
-3.316522365318846921e-02
-1.542474907772085208e-02
6.325070576459583538e-02
-7.475215726614849177e-02
-1.607739253409605495e-02
-9.464993195827689498e-02
1.435063967144220576e-02
2.970620495039371679e-03
3.862099202565318166e-03
-2.442842962818447469e-02
9.625379465284992705e-03
-8.042810847786558900e-03
4.514916963873854411e-02
8.383528575673418470e-02
3.471807547723967241e-02
-2.117445845666166351e-02
-1.516634637309812773e-03
-3.924286154919577607e-02
-5.313151006128771781e-02
1.066233552835264831e-02
5.290067752527227891e-03
3.476798581017324224e-02
-1.264947256761023708e-01
-2.569190988207087009e-02
-3.224236665334875851e-02
-2.455756274304351366e-02
1.773928265221599854e-02
-3.833563407073053986e-02
-2.841173283846359574e-02
-4.169193179949050310e-02
-9.911987917629840744e-03
-2.637141277725939259e-02
7.628471359075899606e-04
-4.433486551838111689e-02
3.072462643128746895e-02
2.366590176505656284e-02
5.140235523788203031e-02
-4.058514247941295144e-02
-8.799829148831063430e-02
2.784370643006193417e-03
-4.470142301062221546e-02
5.631750809673617686e-03
-5.106911676453575015e-03
-4.318001439421451093e-02
-1.553288177764304036e-02
-5.149166738086187467e-02
5.740446559259119313e-02
4.159117354095946684e-02
1.731063925427544017e-02
3.039492746147603314e-02
-9.281246810087809274e-02
1.851761081456012800e-02
1.349525274895681595e-02
1.190631532521502223e-01
-9.164411173547279410e-02
-2.071611496135148701e-03
3.074929082194422392e-03
-1.024926152390234768e-02
-1.051767675047420199e-03
-4.210692787212714366e-02
8.869857432678308895e-02
6.386588366713379095e-02
3.118659137285601044e-03
-8.790475718498879168e-03
1.271197237783243568e-02
-2.272251107792055969e-03
9.417660850872812753e-03
-3.611077625608649644e-02
-1.888047619920353668e-03
-2.951893799892731096e-02
-7.249263474439667822e-03
-1.759780718948016770e-02
4.419364742159580944e-02
-5.830487883164150835e-03
-5.179882803665048635e-02
-7.683804781506283973e-03
-9.214958234505524204e-02
9.436465083087447470e-02
3.471004627224426320e-02
3.449241569980267957e-02
7.369201080702664740e-03
-7.278745189593513465e-02
3.527731241405401841e-02
2.371579704567938068e-02
-1.458086499289182499e-02
9.896935705574484710e-02
1.277915458643762991e-01
6.387684975352959926e-02
-3.230455511409568298e-02
-4.308847089612063974e-02
-9.407689546915438961e-02
-7.738447837178082794e-03
-1.743299359042203150e-02
-4.678156385381027765e-02
2.397079350323225513e-02
-8.045021653286328622e-02
-1.996797568373119211e-02
1.593988131026847499e-01
4.279472706363952883e-02
-7.705148736939079757e-02
1.035724051584658266e-02
2.776095466039718660e-03
-5.471328068316148874e-02
-3.671496661573194625e-02
-1.968313658780322314e-02
-6.737466307181191882e-02
-2.739325355027243461e-02
1.525472121623591172e-02
4.545926955440238171e-02
6.815299431767389560e-02
-9.857819986309374755e-03
-4.205924690923152492e-02
8.333425053548203232e-02
9.166481414960954421e-02
-1.416785758292226152e-03
-2.257663389243134283e-02
1.309830309489824242e-02
3.030921753532846152e-02
-3.141950905796412480e-02
-6.483552232058677027e-03
5.881237495687588468e-02
1.089343090175710765e-01
6.264817833016232684e-02
3.681149986771887345e-02
9.765363936229642938e-02
-9.618233039270335238e-02
-5.192391186283289856e-02
1.596846249516118213e-02
1.492567441153157390e-03
-7.583595353931305537e-03
-2.982254128196136500e-02
8.836074231778651145e-03
1.820209693072379412e-02
1.242675762953205504e-01
-5.721659738662755040e-02
7.565591413662500764e-02
-4.134606967587670101e-02
8.808506118685809072e-02
-2.293495542237163065e-02
-7.298172974824793102e-02
7.039989295571408290e-02
4.981363778944404574e-02
-5.098135525549066932e-02
1.186579936755409598e-01
-8.809322671995067910e-02
6.610193768586078433e-02
-9.434426257049371989e-02
-1.181694389707387272e-01
-1.008028966285443861e-01
6.463867257352939877e-02
1.398633527437559074e-02
7.404363534341161512e-02
6.063776567079896124e-02
-5.555204256149050279e-02
-2.156736240061556120e-02
1.369937770005694444e-01
1.569455050472524926e-02
-2.288292826213159104e-02
-8.029527310676862206e-02
6.482924263724385017e-02
-2.092741452366019689e-02
4.789649880332440268e-02
3.365161650471337751e-02
5.209099940590736395e-03
-4.219052761758194936e-02
-1.398231714149763272e-01
7.512148877923259527e-02
1.201467008054876162e-01
8.313074337605034364e-03
1.537054836725672002e-01
1.654359650828733782e-03
-7.352189750879636887e-02
4.411902414593458360e-02
-1.565280259136242816e-02
-2.816158064087892141e-02
4.182573501544287892e-02
4.677393856208686418e-02
6.768971075586205366e-02
-5.184786336465348894e-02
-9.873105034615987236e-04
-1.277074527865627515e-03
3.208613581109085594e-02
1.890721265605786738e-02
-1.426120096057685756e-02
4.912716986797581453e-02
-5.762690172019903356e-02
-2.867457891574235959e-02
2.490441499998807817e-02
8.907758391054876324e-02
3.231752141629077452e-02
-2.683410399336576962e-02
1.462604847169894987e-02
-2.135845003576083284e-02
-6.506812125379347889e-02
-7.369119069970905822e-02
-2.957538250353763595e-02
-9.270243324031840482e-02
-2.992657233361752447e-02
1.217890320397240758e-03
-2.306136496128344954e-02
2.407908654919611521e-02
-4.886575537186745727e-02
5.701330507089255595e-02
-1.110619792956766688e-01
5.749691857345425039e-02
-4.937671555490411729e-02
-3.012565069126626680e-02
2.488110029580906796e-02
4.117889516153565993e-02
-1.261551375039358658e-01
4.499493412085669650e-03
1.752393301197988085e-02
-8.670071236033465023e-02
6.478668362461659225e-02
-4.488817018802600256e-02
1.670689384551718795e-02
6.004559285933475793e-02
9.565381062255561007e-02
-5.324309552955976826e-02
-5.719486465211263970e-02
2.318240489155512785e-01
2.557209564480204811e-02
7.348904058099990817e-03
-4.271272541680224549e-02
1.172405125105990958e-01
1.292510552892422449e-01
-9.884833248043481402e-02
-3.053766327120177246e-02
5.962341724610500937e-02
1.040997853649973104e-01
-3.027930375488533180e-02
1.094042980966019284e-02
7.055343203656708195e-02
4.567728884375234222e-02
-4.853423391676026100e-02
-1.239938903856188787e-03
6.363897375144858537e-02
7.723585706191232747e-02
3.314823460924815751e-02
9.224307889257239712e-02
-1.234097658737294372e-02
4.718681994898966947e-02
-5.074878907299662512e-02
-5.538841875332049108e-02
7.771199728891853287e-02
-2.154227996471272041e-02
-7.605178948704176267e-02
-8.242004698297752951e-02
6.185411571830994742e-02
1.570711736776288225e-02
-4.278477135607133830e-02
-7.930772536608733658e-02
9.166147855484942097e-02
3.972048411751218783e-03
3.972048411751218783e-03
0.000000000000000000e+00
2.829856391001249472e-02
0.000000000000000000e+00
1.808978763185924111e-03
-1.121168300662231734e-02
-1.373430041707452975e-01
0.000000000000000000e+00
0.000000000000000000e+00
-4.715747758176016061e-03
-4.600468926552674087e-02
4.663916151764826989e-03
-2.496188172749724127e-03
7.328357297984923815e-03
4.676178829398690284e-02
-7.185854483678572047e-02
1.708180162709170904e-02
5.403650302863739763e-02
-3.734583411127162522e-02
1.028872557417472855e-01
4.313749372403724580e-02
-3.603855671859819421e-02
-3.776598976690666992e-02
9.254186355175499090e-02
-1.056548406248252192e-01
4.261917615671562826e-03
1.707369205834911516e-02
4.627023503081135331e-02
-2.818296743487343908e-02
2.226024784903093620e-02
-2.088363212735910510e-02
1.037898298356303151e-02
-4.370417418052373673e-03
1.931737296525209632e-02
-1.470793872383294697e-03
7.195659236586398992e-03
7.582758824712253209e-02
1.469812415115774769e-02
-9.726095983996520256e-03
-5.589800592443348870e-02
9.173325933485156763e-03
4.897907746102284771e-02
3.595970754452912967e-05
-1.182583957813403489e-02
7.249004278366317708e-03
-3.328072068736472738e-02
-1.265514509302993924e-02
5.484585597002492735e-02
9.134921343486623532e-03
-7.209275902994276806e-03
-2.679202593643510971e-03
-1.992036775979352456e-02
-2.785046567783521377e-03
-5.040104621497799170e-02
-1.983792279275811352e-02
-8.870835676932318017e-03
-4.313981796980273162e-03
-1.422062641211684596e-02
1.461014809212433062e-02
2.158469185858782891e-03
-2.577530079544026673e-02
1.877049874938714570e-03
1.969573342153531359e-02
-1.500644874683950553e-02
1.243293662742721989e-02
1.808582625981893996e-02
-6.364410011230181748e-03
-2.936337035688965647e-02
-1.025833199204851179e-02
-3.684402672636613325e-03
2.577240629660714042e-04
-5.927166382153159149e-03
-7.639451096384290534e-03
1.139100003191589883e-02
-6.903547317855946754e-03
7.291316056609573742e-03
-2.399884154205825237e-02
-4.734875877529132887e-02
5.237253342766723732e-04
2.051149958511237423e-02
-6.456067923221389324e-03
7.938465744192685358e-03
-1.195849346540769041e-02
1.054020744387390573e-02
5.363419002032593407e-04
-6.017130854561156088e-03
-3.897053543213598384e-03
-1.096226445690457905e-03
5.791999063766910087e-03
-3.352139754614019002e-02
-1.972114751907474983e-02
6.126005168887824204e-03
-6.769855894508190579e-03
2.215914513780455064e-03
5.553500052749574083e-03
-1.542053889715884127e-02
3.199641078088590312e-03
-1.462045943093841747e-02
2.646354842205578609e-02
3.079021845401192295e-02
-3.418331301553104249e-03
5.421017982811576243e-03
1.246041984120714423e-02
-1.500390581821800344e-02
4.097180495687415339e-03
8.568272284505169464e-03
1.633034682506214266e-02
1.539512464308688544e-02
-6.316355221696367053e-03
-9.640784132511960938e-03
-2.917021074585580877e-03
1.030248341326019806e-02
1.596630450714445551e-02
-8.144193312372725868e-03
-1.912055150999686023e-02
9.390390704454283297e-03
-1.136652899191621657e-02
4.140928956012694673e-03
-2.487691227693108673e-02
1.473764495385803536e-02
3.264075177932418328e-03
-2.938087447591942666e-02
2.273896178134244064e-02
-1.975241201121514384e-02
-1.182114903762009582e-02
1.839257199444275723e-03
-3.675209501620474353e-04
1.617337829710854130e-02
-2.092398311472708824e-03
-9.265691595063258595e-03
7.561471193587509469e-04
1.764568037098644335e-02
1.835276946178732854e-03
-4.816166153864953094e-03
1.080319277502540462e-02
3.549044789437296246e-03
-2.201861418522425493e-02
2.128846775814429576e-02
-3.045161126694143419e-02
-3.692269669978288753e-03
-4.356003428425916923e-03
-5.797041218202628882e-03
-5.501732023135160084e-03
2.987835575788764034e-02
-7.621843839418235983e-03
1.405613791387575612e-02
2.619646141471498185e-02
-1.655443437685524041e-03
-2.635459276364848433e-02
6.243767924432241587e-03
2.637044121247818576e-02
3.338831033940556098e-03
-1.084114298804595214e-02
4.901433557699610977e-02
-7.076000888245437964e-03
-1.070249480939835032e-02
-3.038855928468877504e-02
2.164629087459516571e-02
-9.142931903311078690e-03
1.385336462093260911e-02
-2.361027023346192258e-02
2.843579584550469733e-02
2.542712440997922652e-02
-1.563994845880115753e-02
1.006010365858791243e-02
3.466702663418584716e-03
-2.538923090984131475e-03
-1.575434085980646770e-02
7.020288395407316660e-03
1.857373059036357063e-02
6.165330602834501184e-03
1.722459187476631584e-02
-7.049638072681174011e-03
-3.455799484094684848e-02
-1.647833384897455511e-02
-2.013998090727184363e-03
8.345052992188309315e-03
-6.543357958834457658e-03
2.581627722819802677e-03
-2.491173778200541158e-02
3.947154623781056609e-02
-6.301356934886748022e-03
-1.930604847312944808e-02
1.881277744550190895e-02
-1.202998017247928694e-02
-4.163970207953590456e-03
-1.739425331080675851e-03
7.107235534749845908e-03
-6.880428066657505101e-03
-3.068042501338077294e-02
-9.220901369618563284e-03
2.022110803349913208e-02
-1.958875421468879441e-02
2.684681302781521256e-02
-3.402463434439975676e-02
-4.431517465504392073e-02
-3.805077311254332229e-03
1.789871255780389747e-02
-4.224752805492420354e-02
-1.877676212603528183e-02
-5.196714658658086253e-03
2.987051794149662293e-02
8.946216915409411358e-03
-1.375274121467517409e-02
1.043122550018233015e-02
-5.107542709017361821e-03
-1.251341526375411746e-02
2.574212082552804551e-02
-1.328880633197320783e-02
2.522424253540950234e-02
1.147017577671742734e-02
1.260989754697902122e-02
6.646054251437920161e-03
-2.636240618597547256e-02
4.464400322303555685e-02
-1.011787434678279585e-02
7.401325272348051494e-03
-3.204909111573157193e-02
-2.331484782466262257e-02
-1.125316211711988382e-02
-1.403175944273864564e-02
1.738411281129632359e-04
-7.875171684113866505e-03
-1.402778016386146097e-02
-4.614857558294640366e-02
-2.194096144065472986e-02
1.565633905088754246e-03
-8.909805492163765713e-04
-3.879000583602559577e-03
4.826696559803955733e-02
-2.133835320231831228e-02
-4.013825773474785641e-02
3.412436216587046156e-02
-3.523142947537845349e-02
-3.141645596382502612e-03
1.916239456313077738e-02
-1.846216216282572584e-02
4.703960388294835607e-03
1.364775899273081711e-02
1.659200820890582156e-02
-1.731309894947188725e-03
2.893284050186300388e-02
8.993771453596685617e-03
1.639835586558023930e-02
2.118543949404580809e-02
-2.371995263701460327e-02
2.683764083796206720e-02
1.462140439504170351e-02
-5.394422435228370116e-03
-2.133375016761627704e-02
6.967965281307511582e-03
-3.827841349290674738e-03
-2.269340126812360858e-02
2.653037997402423256e-02
1.454039984768678781e-02
7.661952333631882189e-03
4.610527149789996754e-02
-2.540980022635112509e-02
-7.322209390023074263e-03
1.198326822162982391e-02
-1.067177709725764450e-04
1.057285847621555232e-02
3.417668807515400909e-03
-2.673226283728981356e-02
4.011150687351060402e-03
-8.231455609817052693e-04
1.082814442567525248e-03
-8.774290332214324320e-03
-8.586930133788705372e-03
-1.082847902882801486e-02
6.787901419688497327e-03
1.571539714246420957e-03
-7.097839921307321984e-03
-4.913476832090596033e-03
-1.807418102967806375e-02
-1.826696867182668257e-02
-2.213970995930682108e-03
-2.034408844488553442e-03
4.108193200232604261e-04
-2.069597616730119161e-02
-1.149626931919602024e-02
-1.641083445825449946e-02
4.619566438600729817e-03
-3.523553981564531840e-02
-1.698984986277926948e-02
-2.079370431218301868e-02
-1.087174090660725061e-02
-2.237457664711704416e-02
-4.386386035178487658e-03
-3.571051705549765313e-03
-1.944532809252307861e-03
1.760422847224002961e-03
6.188784754777135232e-04
-1.962511053221667207e-03
4.640140695394836395e-02
1.795119978533268185e-02
-2.078927338987621165e-02
1.160833755609462330e-02
-1.366137867954883740e-02
1.386362163089662793e-02
1.346126357551041949e-03
1.419578000119518443e-03
2.724212992671300355e-03
-4.009688994888203906e-02
-4.717842907074764995e-03
1.334925551133073207e-02
4.794222999572327754e-02
1.429063838288020284e-02
-1.001361524136333905e-02
-3.557814283364679753e-02
-9.568244085908996985e-03
-1.162825325309238371e-02
-2.549757211623155523e-02
-8.513976590847911752e-03
3.052214649581685459e-03
-1.699356692926597828e-02
-1.514518911598020968e-02
6.350019981773430064e-03
-9.140137549581798040e-03
3.822921579163097300e-02
4.201237512043361731e-03
-2.417217742244099667e-03
-3.567960003455974277e-02
2.261568737894438519e-03
4.031673957230992762e-03
-6.321822522472631293e-04
-4.701996282839107991e-03
5.505054532662835988e-05
1.955075987571156058e-03
-9.319963311491496344e-03
-1.163039427317490160e-02
9.677254425025160617e-03
-1.423469218652809870e-02
-7.546047372201548399e-03
-2.331880344785769443e-02
1.930776036999863610e-02
-9.330692948312119608e-03
2.661079704135440281e-04
3.759576485758326942e-03
3.967495615816757533e-03
2.033486207835338497e-03
-1.990434323756963206e-02
-9.655603084666886798e-03
-1.119995660758855288e-02
-6.685010509723547135e-03
1.568297060445429658e-02
8.899413334025587849e-05
-1.318538125320962984e-02
-1.242381055580244441e-02
1.278684187825819205e-02
-3.432132771283222684e-03
1.181019157431540886e-02
-2.194899582343949954e-02
-1.773437920790699521e-02
-1.643916117628572635e-02
-2.752958113457411662e-03
1.589702570417748928e-02
1.924012885005451853e-02
-1.715452646993454247e-02
-1.598992860050878640e-03
-9.629153436067225402e-03
5.550155014913523734e-03
-9.087422978537493604e-03
-1.765935602199914314e-02
-1.622224566567984083e-02
-7.804809688612463284e-03
-1.081883602240186863e-02
-7.330303655711028696e-04
-2.359913125291740119e-02
-2.892475067934177982e-02
4.161858718003999189e-03
-1.313940826238053569e-02
2.172958415846056382e-02
2.047927890755524196e-03
-2.667158346947553355e-03
1.110553576161383421e-02
-2.286536443544649050e-02
-6.377403157398256993e-03
-4.089500810877075808e-03
4.133222100190662301e-02
3.613090857314511101e-02
1.711271949484881663e-02
-7.041444477104223318e-03
-1.893457763993510595e-02
1.343664470758706465e-02
-2.450949295906470690e-02
-2.692366300526966884e-03
1.152901227085136385e-02
1.835853376977338719e-02
-3.674028129362881274e-03
9.631400524527083257e-03
4.120701476446144568e-02
6.797129482982025746e-03
2.680037943109364260e-02
2.572497910016530165e-02
-2.220832817580988428e-03
1.179054851004327463e-03
-1.756751068567983728e-02
4.991967776140037588e-03
-2.372111357793352249e-02
-6.531396417199440869e-03
2.809454481454346300e-02
-1.233300533198378179e-02
-3.550848737456070020e-02
3.743254384858744205e-02
-2.302932738218213191e-02
-1.299972966986246044e-02
9.510923187075708343e-03
-9.148606805861339564e-03
3.126235343444081632e-02
7.070396139731247899e-03
-4.527908472725988148e-02
-5.742259821612993344e-03
3.771338665046409383e-02
-3.284857564576676436e-02
7.327081084772590035e-03
-2.249941728388916984e-02
1.597888951387195803e-03
8.924186875308853795e-03
3.255364795722769794e-02
1.753329192133124687e-02
-6.240504528483545137e-03
-1.929258426999587916e-03
-3.462485475225973025e-02
1.438227992714553871e-02
-2.250706624768216910e-02
1.114105579671701915e-02
6.906500147473969980e-03
-2.841455759034789558e-03
-5.074987397905347114e-03
6.660622288663087948e-03
2.050948106976581767e-02
-2.388883253716488769e-02
2.361551352027903283e-02
6.037028079430863635e-03
-2.044555479897440780e-03
1.633202773583315032e-02
1.636948610407928939e-02
-1.874060987610285875e-02
7.443836224082267181e-03
-7.664840042412617710e-03
-1.790130642515881665e-02
-2.421346957225532434e-02
-2.711246757255536891e-02
-3.713460669228217659e-02
-3.344151519701413916e-02
2.990609187471401226e-02
1.999423651171226162e-04
-2.756909100948851370e-03
-1.297167540047032205e-02
8.639175250666484337e-04
-2.816555233235641664e-02
-1.911296606600982814e-02
-3.135042588210375583e-03
-7.960099703028568341e-02
-5.526918101865177513e-02
-2.584998802346312463e-02
-1.808853334177362021e-02
-5.979172840059760602e-02
-3.251300008726959456e-02
-5.236196008589467064e-03
-6.395423746822891109e-02
-1.919237506815721361e-02
-2.018353426750483723e-02
-1.311271700610925836e-02
-4.079601344220107687e-03
1.108562896290064131e-02
-1.019562954203371077e-02
-2.234663343844742883e-02
-2.185679870009772392e-03
-1.048957511315693272e-02
3.921739975681285545e-02
-1.899493347978292376e-02
1.852689275110636774e-02
4.316036104860524608e-02
3.146190128021392196e-02
-2.132037541140034340e-02
-1.452308641045474587e-02
3.988632618336302588e-02
-2.331595276892367216e-02
-2.224132733133753551e-02
-2.166044869660722905e-02
-5.859049339267061347e-03
4.907866645619480064e-03
5.092750206367032892e-03
-9.669212009611368938e-03
-1.214192800032217606e-02
-2.667033167033578886e-02
-3.777228696238608963e-02
6.780693918836437455e-03
-3.244810175396845714e-02
-3.001289816266120361e-02
-3.627044256237967751e-03
1.854605069430412864e-04
-3.086500376391446056e-03
3.308862401588310437e-02
-6.494012700030116735e-03
-1.306192289087579903e-03
-1.589941462502644787e-02
1.443313197894333620e-02
-3.855750324185137912e-02
1.697821236587237993e-04
-1.548045425301279934e-02
-2.476280458703946849e-02
-1.184321488190072380e-02
-1.891887040389549079e-02
-3.220935034575776040e-02
-3.514177006537137077e-02
9.483552704483194998e-03
-2.221419165029837536e-02
2.233964722826636828e-02
1.824002061428766286e-03
-8.982168655517925324e-04
0.000000000000000000e+00
-3.493315311907102126e-04
0.000000000000000000e+00
6.497588809853627407e-05
-1.408026634160587914e-03
-6.291638864548869392e-02
0.000000000000000000e+00
5.373561138576612647e-04
-8.550865999076374957e-03
6.047888507654464868e-02
2.394098219682265754e-03
5.451752965106127858e-04
-2.674855587448185870e-03
1.953060351083634946e-02
7.183281918890860665e-03
1.427537743302342843e-03
4.209587592007104674e-03
-3.438552935802452470e-02
6.557621056458254327e-03
-1.154237674888532877e-02
-1.757636488459794408e-02
5.566077709387020483e-03
2.333093151898326181e-02
-3.239227746864820762e-02
-2.315334583139837255e-02
1.156983938614259723e-02
2.184138819583276991e-02
-2.096929759999209900e-02
2.586581314619255598e-02
-2.472592201214655547e-02
9.235188845304330083e-03
-1.201053239054938708e-03
-2.952957085930186989e-03
-3.287804838870851329e-03
-4.234155781357744862e-03
8.786913298941502123e-03
5.467117844402379767e-05
9.687766605525598845e-03
-2.206065292090222257e-02
1.118385272239808687e-02
-6.871695140201155953e-03
2.922786459766815031e-02
1.340902136481294214e-02
-5.431192401332998049e-02
-6.795374561839365689e-03
2.818653360650115805e-02
9.276829385746870535e-03
-2.151501022242618879e-03
-4.101648330567478178e-03
-8.386536730583195494e-04
-3.130928058105963974e-02
-5.641265148219300890e-03
-2.026903573502294303e-02
7.382967564737033007e-03
-8.142670822714415330e-04
-3.201381666578529891e-03
-4.307559695469636608e-03
-7.622916069127931441e-04
-2.625715623633728246e-03
-7.733536957017911155e-03
-4.189094085288228714e-03
-1.763723495264008867e-03
