-7.796158300671836294e-02
-1.114797390110707082e-01
-1.628819427139975018e-01
-1.465117362870606288e-01
-6.703871482137840898e-02
7.853695447592945467e-02
-8.253313862982984694e-02
-1.443952103640771048e-02
1.781470933648015287e-01
1.376193767329491613e-01
1.803344897106054154e-02
5.034793815163523568e-03
1.979843303996001863e-02
-1.815452521600538840e-02
-5.168816290512212065e-03
3.232450368334164881e-01
8.640694242233903921e-02
3.384132693358108540e-02
-7.760726140542849316e-02
-5.860233311749382668e-03
-5.298306123862157879e-02
2.456554217665910533e-01
-2.033601584459458073e-02
1.465301529830329297e-01
-1.153313194137513126e-01
1.440845252028779555e-01
3.506066317679264882e-02
8.029207555905322480e-02
-6.479176029745769769e-03
-5.803215959127340506e-02
1.266275548029160425e-01
1.208049723253780579e-02
2.390352600995983012e-01
1.980225145539879772e-01
-1.701587634621846978e-01
-3.537488523078776564e-02
-1.895370983596620651e-01
-1.606892959498156803e-01
1.346940843114450281e-01
7.724622360006246080e-02
-2.463839251158421104e-02
-2.205838612031413848e-01
-9.706134867526670928e-02
-1.116754906085972582e-01
1.339748849188838187e-01
2.140725034565413576e-01
4.471707855774589152e-02
2.133162016167493291e-02
-1.400719714777781330e-02
3.041757850238442987e-02
6.029386874073480729e-02
8.220880150122393537e-02
9.301077005574635848e-02
1.295882499378662733e-01
6.881362389321969870e-03
-9.443646747395535723e-02
6.089264575801807411e-02
1.448634706957998841e-01
-5.837846757910717093e-04
8.009323660679208007e-03
2.046279908841291614e-02
7.915589030209227439e-02
-3.311075343983774927e-02
1.220673656454307338e-01
2.081519499195799011e-02
6.747334757221605528e-02
2.546024511815470678e-03
-4.316673934127375489e-02
7.227250237825838530e-02
7.715598195873686616e-02
2.317971819632060840e-03
7.613050960303104076e-02
6.191666532713481497e-02
-4.429080060623673959e-02
1.031523366417365362e-02
1.197574573598689518e-01
1.038190868671804989e-01
5.285930012179495402e-02
3.349753838709980391e-02
4.758305832625629793e-04
9.029851833956940854e-02
6.728026138025594571e-02
1.028440632807595401e-01
1.751874521224726367e-01
1.054990822882555593e-02
1.073513181934556554e-01
4.708960196162883388e-02
1.608138452920466199e-01
2.075125675804012724e-03
6.166588270249207665e-02
-1.788730591986330276e-03
7.648088048614208947e-03
5.497938868838329884e-02
2.609338882755051284e-02
-3.568240207048671564e-02
5.172892263211198438e-02
6.407662539704110649e-02
-5.025712053802872635e-03
1.561891704009840676e-01
6.579743364842284559e-02
6.887776930958273980e-02
8.412897136070579540e-02
3.899690231517194405e-02
6.037146829773244738e-02
1.706188526956121110e-01
5.751840725832614576e-02
3.098497636053247628e-02
9.576727842857823969e-02
6.699918905756749310e-02
7.764102078068155222e-02
-4.779281424816253510e-02
8.551122558820624733e-03
2.617509857382857921e-02
1.125390409411722165e-01
1.721100706748824108e-02
-3.397738038478812644e-02
1.315092914967840726e-02
7.517578004724889684e-02
5.603289647977774401e-02
7.439185809168406827e-02
2.250687414615241272e-02
-1.802914773150985847e-02
-2.537236934829380924e-02
5.951074305124620656e-02
8.501964300856233725e-02
5.286730692761494599e-02
8.634803183149690475e-02
5.276660085935139070e-03
7.884972867684766906e-02
9.286356873248494126e-02
1.308185514645573144e-01
1.488423544286992528e-01
-2.856199490243384320e-02
1.030378892837088556e-01
7.860174148701568053e-02
4.901564862409022588e-02
-3.982618318244184746e-02
6.042473776801625396e-02
1.755291172109696429e-02
1.553981517230565712e-01
7.998486799397563907e-02
1.698506592325661202e-01
1.646604659661823509e-03
4.579304614278216804e-04
-4.247556885951042638e-02
-2.514265314710883298e-02
9.111323110770192663e-03
1.319488364720456941e-01
4.560061263040047358e-02
1.207483049004926812e-01
-5.694156056929063764e-02
-5.694917208763765337e-02
-1.590227010839742883e-01
-2.569620287624823501e-02
-9.195091304699713752e-02
-4.333605779657008494e-02
1.879724047309304369e-02
6.476669485567260187e-02
-2.670077407586637919e-02
7.301817685954146986e-02
6.707238672669525725e-02
-4.294188180821486255e-03
-6.290493815257428012e-02
-2.695935743964979203e-02
-2.244987389572007663e-02
3.023007206519007228e-02
-2.889363813606481840e-02
2.529377490476825835e-02
2.312091850481006426e-03
-2.538841486721033977e-02
-8.089046100956150120e-02
5.127583552815483114e-02
5.202141853760124807e-02
1.642797593455836425e-01
5.189000018276099940e-02
1.118800449143727508e-03
-2.465491780030499430e-02
2.407265966850364800e-02
-1.012906353681151603e-02
-8.242721043860848709e-03
-1.011015868398830314e-01
4.195298088575719064e-02
-1.128980428216160015e-01
1.866519303437338129e-01
6.143654870109623370e-03
4.446018793856672258e-02
8.155277787707087764e-03
-6.990006426186897402e-03
-9.432239694915191264e-02
5.127242834500011365e-02
-1.201289285532123746e-01
8.046146120575335681e-02
6.789245190510297123e-02
5.046217332898782736e-03
1.326941004581251929e-02
3.311916586364745119e-02
-6.225320066038373540e-02
2.330475263765632299e-01
-6.826230737492312850e-02
2.132734679829478494e-02
-2.008076825179851699e-01
1.746338799600703484e-01
2.392000398502321882e-03
6.523613895078994585e-02
-1.336325934714089059e-01
2.592806520795153807e-02
-4.909794501344780238e-02
1.031362163312511265e-01
1.262759328054731678e-01
5.652842688818143085e-02
-1.086608606007410938e-01
7.467757095495429487e-02
-8.400722286639986103e-02
-1.142880427175050340e-01
1.486507734236840184e-01
1.178224998729219125e-01
2.470248282846564669e-01
-2.851339850977294699e-01
-1.757756319900833919e-01
1.523687925369107410e-01
-9.787172133546531705e-03
-6.715436292929116702e-02
-8.959660407974506802e-02
-9.627429840232405722e-02
-2.310157976516825570e-02
7.698195705144313117e-02
-2.338447319769636767e-01
-1.049896924160502176e-01
-1.559393475602795752e-02
1.368709415476988267e-01
1.789996772631050059e-01
-4.680933352921094054e-02
1.270099485680219187e-01
3.662828147189794298e-02
-8.812327624422418293e-02
-7.773577930200706657e-03
-1.373385151955026084e-01
-9.693394279534693625e-02
6.681527754163064936e-03
2.369629189687059295e-02
-3.141924629678706678e-03
7.314065795545736381e-02
1.537537279865687223e-01
6.374934064075295226e-02
4.631249885918086590e-02
-2.525536226562749217e-02
-8.870203568264995939e-03
8.211426438524718763e-02
1.533963990295598157e-01
-1.896386026544430795e-02
-1.667421115410440760e-02
3.170321950105662867e-01
1.076943428163356364e-01
-4.640845012678568998e-02
8.210407797647514827e-02
-6.197913337244373259e-03
1.220306805195428002e-01
-5.128364703963501914e-02
-2.998875520288468363e-03
4.917417605366916633e-02
-4.404751392980730401e-02
2.195290486530905236e-02
-1.967035028160124821e-01
-8.815063754978889887e-03
8.474902285161135806e-02
-2.290886736847778590e-02
3.672569707644168790e-02
-8.473814702719427439e-02
2.997169732079911064e-03
-9.261242392465625362e-02
6.163442197921136607e-04
2.094229798129399953e-02
1.317257570399519573e-01
2.730609237555767926e-02
-2.027625551886562683e-01
1.500522387016406944e-01
2.472385099922149582e-02
4.628956510921986185e-03
1.565820693477201764e-01
7.747574810820806457e-02
1.243387583051500100e-01
1.383278571223547360e-01
-7.790170878675402311e-02
-1.328405682574388125e-01
-1.854413438922070112e-01
-9.792239575481018199e-02
-9.886475493917561141e-02
-6.517029010066401062e-02
1.251624461701923152e-01
5.366901845049194125e-02
7.880882359557188355e-02
7.855451935672880248e-02
5.151828344093978967e-02
4.438765777635841903e-02
-1.060244757246738695e-01
-3.093086497154638043e-02
5.160256186561617935e-03
-9.767534149862332205e-03
-1.139108030040658220e-01
-7.395547979702836450e-02
1.058739649887026901e-01
1.026543539491117825e-02
7.624361801245579939e-02
8.210819281716066897e-02
-2.344707299882255441e-03
1.205545603564043000e-01
-1.356849498040413327e-01
-9.019329652530136410e-02
2.099476350233148852e-02
-2.975380785533687442e-02
-1.195544453702874904e-01
1.324159680616374991e-02
1.136492909784042604e-01
2.866072665714378825e-02
9.564119427232821435e-02
8.679527165277835243e-02
-2.801935374299149156e-02
1.676082211681768352e-01
-9.764226171384424169e-02
1.576960079989140479e-02
2.064130844274542076e-02
-3.923618543908570511e-02
-2.567681476301095569e-02
2.536002785420672367e-01
2.000874815647302185e-02
7.534987683620902876e-02
3.845520219645584548e-02
9.384311533775920033e-02
6.890919680696426519e-02
2.123646889401768073e-02
-6.751703081485432856e-02
-1.009331794651444208e-01
-3.026402681128125341e-02
-3.454087998780205893e-02
-2.597114205847381521e-02
4.616444673618980699e-01
9.481299479796095886e-02
1.152904139273067258e-01
1.613767656798978378e-02
4.786538430388723869e-02
3.694531145769321123e-02
3.656514033463523217e-02
-6.258231685869658500e-02
-4.107809914426298337e-02
4.377327946697548433e-02
1.061948715360605255e-01
1.094455290680609039e-01
4.271118981841563467e-01
9.455155204493688459e-02
6.065736718513355108e-02
5.648331662852944246e-02
9.854688681609306833e-02
-1.942576639130565207e-03
-1.456795738576757530e-02
6.004731667692642105e-02
-8.620933557063291397e-02
5.559861912850643656e-02
4.141557756604760665e-02
-5.916003094968858012e-02
1.086999849187156170e-01
1.281272494319063704e-01
8.146124483569439079e-02
7.155834399740385043e-02
1.091125620286001741e-01
8.551838611613084284e-02
-6.806096445581184123e-03
-7.060295630843432813e-02
-4.202792324949809755e-02
2.018619746652040858e-02
1.109545589325571825e-02
1.618315721849983846e-01
2.923614065238976378e-01
1.170886933971908156e-01
1.084328692268651667e-01
1.132297638542423268e-01
1.328705448358966645e-01
-6.707586650175381693e-02
3.170721579370394672e-02
-1.950134778059383830e-02
-8.027593183880783745e-02
1.986890121477614610e-02
9.765770931041033165e-02
8.555569445411378982e-02
4.251649111046421070e-01
-1.856316889045453444e-01
4.053316630479363025e-02
7.332308527405122234e-02
-9.700622685705724557e-02
-2.101453569560808587e-01
-1.215626688085266610e-01
-1.496061414428244696e-01
1.540907024802728731e-01
4.363528144750976334e-02
4.247837990087562771e-02
-4.970230151395339108e-02
-1.587035256447711373e-01
2.685603410814406053e-02
1.600669518709625927e-01
2.833022730331953287e-01
-1.353735713861757284e-01
-2.786839100481908749e-01
-2.093513196865798287e-01
2.827407088107111374e-02
-3.669014899014127473e-01
-1.329079534750065572e-01
1.261695088827551325e-01
1.024131922198898981e-01
-5.333694015838629232e-01
-1.408170256622101879e-01
-1.038019030942059356e-01
-1.806660607420857989e-01
-3.776918042783564688e-01
-1.575299257584717727e-01
-1.228162486274417542e-01
-1.535012000900864704e-01
-3.256910080868904434e-01
9.873415662136184046e-02
2.660845458948846720e-01
-1.758771793076421841e-01
-1.853689842107285879e-01
-4.872066163634300451e-02
-1.765352232290129386e-01
-9.327444988639325973e-02
-2.109322274545603060e-01
-2.572682794836435582e-01
-2.496919625876765636e-01
-3.672340308327659564e-01
-1.318175673123294089e-01
-8.157217629791113644e-02
-8.934918765388417949e-02
-1.466471602284586950e-01
-1.303723382619186022e-01
1.142056097067351145e-01
1.126852331988061895e-01
2.648395524942120383e-01
-1.847299442976875483e-01
1.429782128845102918e-01
2.390645225192708848e-02
1.668786263721779711e-02
-9.835241083615622881e-02
-3.966075556191598489e-02
-2.213688373574685675e-01
-1.074379121603712128e-01
-1.626100283484466502e-01
1.548003738932697722e-02
-3.318142498214634584e-01
-3.888115434224869715e-01
-2.958848663726179606e-01
1.237134493418604736e-01
6.801063538697185717e-02
0.000000000000000000e+00
3.037921682533027967e-01
0.000000000000000000e+00
1.114563559156865058e-01
-1.213381816950173109e-01
-2.171029593449208539e-01
0.000000000000000000e+00
9.581585659501387631e-03
1.200160584073102221e-01
-3.447093383260496080e-01
1.801929931292009946e-03
-1.845574628890729318e-01
2.593899691965960708e-01
-9.233451559559881228e-02
1.265080803396581577e-01
-1.065484735430699270e-01
4.422875655989601945e-02
9.494447431373545521e-02
-4.740061751198238610e-02
-1.651750115612687642e-01
-7.552383589972873346e-02
-1.161114563078827037e-02
-1.541293579534295799e-01
-7.441780695785459032e-02
-2.244104057284359022e-01
-7.758445226130168682e-02
1.522334397518368687e-01
-9.888604369478606881e-02
-7.455111349956541900e-02
-1.453659629008565400e-02
3.139962403901976895e-01
1.091035809185577632e-01
2.060062801329832494e-01
-1.025407396781671671e-01
3.195664885166464853e-01
1.163818144753308165e-01
-2.680806413066478822e-01
1.942957322356153038e-01
-6.184255153781893950e-03
-9.173606782652779512e-02
-3.606897403324336726e-01
1.103179215837914451e-01
2.290188612737571912e-03
1.001131684577780678e-01
8.825746356827478267e-02
-1.205937201491682487e-01
5.057985752490447018e-01
3.259093762752527604e-03
7.064000219185931351e-02
-1.310590460787676090e-02
-6.096350870914696296e-01
2.711095425464476322e-02
-2.550968083091828542e-01
-3.222100004255297745e-01
-2.149105919386186392e-01
7.191256225525269330e-02
-3.288265043328436055e-01
1.017523954580646373e-01
1.862753922430546161e-01
-3.820698354134148267e-01
1.047001979147778455e-01
3.550742960027674644e-01
