-6.233852102685798896e-02
-1.230600672495582165e-01
-1.533429612707627454e-01
-7.657520743844116462e-02
-8.301426037475295727e-02
1.543757331100780589e-02
-4.412593793752383337e-02
2.758077678548559626e-03
1.475903856615489729e-01
1.492442679249058810e-02
-2.103242090631330177e-02
1.183095637327275310e-02
1.560994393473029603e-02
1.143505384376442696e-02
-1.764277061586980817e-04
1.539345399357891497e-01
3.588856541007571371e-02
2.104101791096544063e-02
-6.248464524264678299e-02
-4.444083270758995450e-04
5.731540746347692662e-04
4.586828568402677442e-02
5.128384556137597500e-03
3.982723741401785617e-02
-1.369174395811610656e-01
1.462321250871503053e-01
6.286671260228451907e-02
9.990886827217530797e-02
-6.624030356779797048e-03
-4.116758379667143780e-02
1.228493290473731958e-01
6.075371866628945933e-02
1.428035862311584636e-01
4.741548195585582048e-02
-1.485365423982925592e-01
-2.573846688177030412e-02
-1.838016207748853770e-01
-1.262310261561356006e-01
1.472928192836844286e-01
7.215128388777022894e-02
-1.473746377858078070e-02
-2.326005757608372027e-01
-8.300694632485240698e-02
-1.108599744198061898e-01
1.156278503032170529e-01
8.519563422399215047e-02
4.037031992098360361e-02
-3.322013154549063180e-03
-8.643618291295007694e-03
2.718728026713660220e-02
6.459298068541292903e-02
9.191790928996458609e-02
7.689569024149757459e-02
1.325067263449190569e-01
1.457243715338475340e-02
-8.789026458241440409e-02
5.590661681050557164e-02
1.457266218753733300e-01
1.836967420279562307e-02
-3.255288329369701063e-03
2.656289343866650651e-02
9.262462397836390693e-02
-1.910737056111502449e-02
1.235778896406426741e-01
1.555164914286167330e-03
7.275176778754915974e-02
-2.066344911787362792e-02
-4.158343944537314096e-02
5.867309997350809297e-02
7.125595621695285375e-02
1.869643422190012463e-02
6.474244852146331108e-02
5.638262767000951775e-02
-1.502449976807797120e-02
-6.771775226609298877e-03
1.294735913817030293e-01
1.128145288121822076e-01
6.296129623499360783e-03
2.892500322465501802e-02
-4.444564180811873093e-03
8.969339582401923694e-02
7.185202113023267390e-02
7.177663813554836791e-02
1.826611648304100888e-01
1.511718018179493937e-02
1.140647336996022526e-01
5.588102090684219508e-02
1.550123751706124209e-01
2.724156245707675533e-02
5.350347056282950264e-02
-7.495604251301521588e-03
-2.570535550651900300e-02
6.293481702832821878e-02
4.676692950305034319e-02
-1.180273375341505532e-02
2.420575037167462321e-02
7.213577052674700896e-02
-6.845866896872586545e-03
1.544397123424151030e-01
2.572949351482187175e-02
5.993073432942135070e-02
8.301547406864706602e-02
4.256746043463004170e-02
4.621812645177494905e-02
1.602744164083572398e-01
3.617670271911817975e-02
6.024722809366223758e-02
1.101566424180891873e-01
7.280511079609999769e-02
7.300097690771741032e-02
-2.802766369826742085e-02
1.031130468262717904e-02
1.981748624808140312e-03
1.015064272431771136e-01
2.035548286639228543e-02
-5.021617739430349336e-02
-3.685982532033457194e-03
8.945170392874084164e-02
4.223355380480389720e-02
6.844441281270928490e-02
2.580365501585599880e-02
-1.053016766629460803e-02
-2.079033251791824466e-02
5.763631632425501861e-02
8.663049352577061046e-02
5.637605267544049809e-02
9.011962887267158107e-02
-1.390439702023976189e-02
1.034767713176433929e-01
1.134457655209864108e-01
1.277361609995097402e-01
1.626963566291057817e-01
-3.044949854433030845e-02
1.037047122937451299e-01
8.055342569202776637e-02
3.948506402564217616e-02
-3.885135342931964747e-02
4.803932602782842731e-02
4.313564581925834196e-02
1.386842002296085896e-01
7.327255125148678105e-02
1.722984947855549509e-01
1.769495859811090824e-02
1.582367197669918082e-02
-3.343521332521397910e-02
-4.012947472774572311e-02
1.854606575583786846e-02
1.147439256988183054e-01
3.340489823425756011e-02
1.131300135508012672e-01
-4.437860207654981820e-02
-5.644852147582041235e-02
-1.411596159728104316e-01
-1.380887219227169838e-02
-9.515239451575721596e-02
-3.497032825011176654e-02
3.123024588503486160e-02
6.209295125667996934e-02
-2.654346291780354875e-02
8.016653112841320983e-02
6.520108659055061373e-02
7.003053139061258571e-03
-6.565265796530121711e-02
-4.037826456422462240e-02
-3.852695786800921021e-03
3.834560611353149406e-02
-2.418010030664842838e-02
1.261412695924985297e-02
8.310319697735804936e-03
-6.091864440071529350e-03
-8.837541751678529289e-02
4.525164447292793352e-02
4.791199689317444943e-02
1.363607984726017408e-01
4.011107303132267765e-02
-2.476822218679490366e-03
-4.001724186302535458e-02
4.942674620343240344e-02
-1.575953089226207748e-02
-1.346404774254022010e-02
-9.629546618885266585e-02
7.804979087396908544e-02
-1.169757365846101904e-01
1.287582638853105310e-01
2.606660461193691450e-02
4.773956473583653576e-02
7.314873093052908642e-03
-1.662671851940595788e-02
-8.196617137005421383e-02
2.095681100510861719e-02
-1.123413790054374195e-01
5.740194243446585659e-02
8.194445112825099464e-02
7.024888856680927551e-03
2.546249053124812270e-02
6.147096869218096268e-03
-1.199300881830582706e-02
1.329495705934092276e-01
-3.598595017087362347e-02
-2.286921227626565953e-02
-8.216397169709839521e-02
2.806488276481978322e-02
5.560787881300049626e-03
9.354078768862447713e-03
-3.958890171749759185e-02
4.618050851107349808e-02
-2.559646729843679386e-02
7.940216792426775527e-02
1.030169705086222964e-01
3.717158472746949494e-02
-9.537829532853564496e-03
3.378207161796855512e-02
3.355883506606220559e-03
-6.219132166993433797e-02
2.048530250124796712e-02
1.455525526466820707e-02
8.445857428176141435e-02
-1.491867647786173645e-01
7.083128212087667040e-03
4.160122810988686054e-02
-6.457114961384151884e-03
1.012729629294118784e-02
-1.198568182982627864e-02
-4.007651777093423212e-02
-6.762488923219137082e-02
6.339193801848946527e-03
-3.354118453580234166e-02
-9.502284360066018398e-03
4.739083283993111850e-03
1.361819249678742627e-01
1.632452654124846303e-01
-2.302801001943489620e-02
1.176505455248048615e-01
2.367998035126171394e-02
-9.477716104577997569e-02
4.359299169738574398e-03
-1.414204968688523578e-01
-1.083058083053007187e-01
-3.675134890560996515e-02
-3.516362755439295194e-03
-6.657858027967085250e-03
4.380867056595624115e-02
1.593164360179682437e-01
5.837469098832579611e-02
5.671166998346056226e-02
-1.245570672899557786e-02
-1.673966301010926597e-02
9.242617133511972505e-02
1.610832836531832235e-01
1.879473184504764759e-03
-1.659083250786002814e-02
2.199529139364345479e-02
6.752047166093866348e-02
-5.322347405462520692e-02
9.783451768655974934e-02
-7.424263899940230366e-03
1.404143664005116643e-01
3.936285711740415173e-03
-1.425122082374079800e-02
4.840896444835553203e-02
-4.977272236063907951e-02
4.020554969888892605e-02
-5.891710936551607103e-02
-1.313635182204658759e-03
9.539767229306370111e-02
-4.282065613780296903e-02
1.905643322526510627e-02
-6.617477675825822470e-02
-2.217768337906518214e-02
-7.747582660549147404e-02
1.192665379049255396e-02
2.880388586708647163e-03
7.366262067179692175e-02
4.053934561640780421e-02
-1.052082207406558195e-01
1.815402552424671273e-02
3.530646633906488890e-02
-4.188335148236888537e-03
1.403001295096707735e-01
8.758205555214465532e-02
9.990672491453402027e-02
1.690054666996595178e-01
-7.002606748740679288e-02
-1.437610309828694921e-01
-1.816724314413184493e-01
-1.061012588884009816e-01
-9.739696666093665411e-02
8.310170376706451159e-03
1.255072187090224001e-01
7.369861743278320609e-02
7.653538021974601313e-02
6.926719392543734255e-02
4.307160368436503683e-02
1.874293659277449786e-02
-9.395751083014702854e-02
-2.795183991886558347e-02
-2.091994694587418629e-02
4.415275255353468160e-03
-8.301344412699308839e-02
-9.054943802995497545e-03
9.768915939763861411e-02
3.268097170335035329e-02
8.124347660370084823e-02
7.626421023928313392e-02
-1.305546149817753349e-03
1.025127298347431049e-01
-1.339155631658160428e-01
-9.665542171822530393e-02
1.654872763365155403e-02
-4.202897860320778389e-02
-6.686219017076230897e-02
2.188185989440144183e-02
1.042073807059288454e-01
4.889965576230462241e-02
9.677807334491086988e-02
6.185337701521476106e-02
-2.025604058450332021e-02
1.473762736362980996e-01
-1.126591133064125672e-01
1.429857625372930180e-02
4.130150905739507494e-02
-4.293779042697935117e-02
-5.221404698890528412e-02
4.346185150676089293e-02
2.668850137159912983e-02
8.524323424780924641e-02
3.458179585810504386e-02
9.003567809163252889e-02
5.638521390442375464e-02
4.653883442433603967e-02
-5.986326638793144916e-02
-1.054383747616246952e-01
-3.064854544327928060e-02
-2.768408100741092184e-02
-5.116616709825627662e-02
1.500631521636246468e-01
9.473349847059298057e-02
1.232426996238602246e-01
2.919278304963991363e-02
4.088206983916924803e-02
4.828621897744559549e-02
1.471093005108215813e-02
-4.800813317635761746e-02
-5.566126684521364998e-02
3.993619466906710158e-02
1.186584534504244448e-01
1.328582245240556015e-01
2.116511483131091331e-01
1.189932708916026788e-01
7.140397498613017258e-02
2.731356172870250815e-02
9.139129161079588559e-02
-1.096065815841442206e-02
-1.452899919340775586e-02
4.693922171195577531e-02
-7.915534030556918565e-02
6.731123331255609021e-02
4.386578987122915357e-02
-3.530743321142026242e-02
2.531408825821650915e-02
1.295597546266821776e-01
9.191837320120699317e-02
7.788162238912728352e-02
7.403416744699663210e-02
8.421354598504195155e-02
1.728989538463903200e-02
-3.501261863755505271e-02
-5.074962447463502585e-02
1.933692504879246446e-02
2.585090972703171092e-02
1.424110457623155856e-01
1.393615605545121816e-01
1.272251279102710741e-01
1.430711520523626767e-01
1.055330312682070393e-01
1.115106041653013969e-01
-7.619441154630018920e-02
4.238642066139462067e-02
-3.730602034550537655e-02
-7.228073714269155070e-02
2.640913160796979145e-02
8.662811034239281671e-02
9.896768599663188781e-02
2.208156712558795032e-01
-1.091926378384344559e-01
5.107493113100737558e-02
3.340858523447786527e-02
-1.147373330038286149e-01
-1.900470907941701759e-01
-1.202306813478169478e-01
-1.416978898186261049e-01
1.254378147206258731e-01
1.384983498296249275e-02
2.431609100898597664e-02
-5.314344265735497508e-02
-8.072398842255004703e-02
6.623779975173246792e-02
1.640154858836992413e-01
2.534685690674172154e-01
-1.348725124576170276e-01
-1.192490294770784248e-01
-1.055542122091323622e-02
1.993885324736525619e-02
-3.706765559089793549e-01
-1.471236947047613597e-01
3.916372030111767155e-02
4.442983480893001463e-02
-5.330579673568343058e-01
-1.352233709353025115e-01
-1.103007117350572330e-01
-1.776791990969291968e-01
-3.953755300408973716e-01
-1.737096045928076815e-01
-6.362491192485443536e-02
-1.435777530670486191e-01
-2.975279345999357616e-01
1.945597124275140824e-02
7.957698182073862092e-02
-8.690552561962860967e-02
-1.921586796353841886e-01
-8.211298030605113096e-02
-1.866504189877463138e-01
-8.433086867441974555e-02
-2.030121045769827937e-01
-2.624877786336990426e-01
-2.413471016748680031e-01
-3.554535599706846183e-01
-1.408889110092899355e-01
-1.069465608807223939e-01
-8.811055688088191562e-02
-1.318182094707978647e-01
-1.409115252466431878e-01
6.587515217794609468e-02
1.209822621747979193e-01
1.649471826578274014e-01
-1.104950250924059824e-01
1.091285709658054714e-01
1.166963690718030543e-02
-1.627733967029087320e-02
-8.356039647293299344e-02
-5.992790806781254920e-02
-2.188699227109867085e-01
-1.046537414154321832e-01
-1.534770343372807155e-01
2.570596546023256462e-02
-3.239165630926970074e-01
-3.896359540521039944e-01
-3.079185606468118896e-01
9.892354763385161412e-03
3.531861568428466911e-03
0.000000000000000000e+00
1.317570558725238150e-01
0.000000000000000000e+00
8.990855473485987251e-03
-3.647146722720771665e-03
-2.332220141021180415e-01
0.000000000000000000e+00
2.465191997848972544e-03
1.487699202959237230e-02
-3.302424788840634395e-01
2.442407853273232624e-03
-2.061959967981822142e-02
2.557633890168733645e-02
-8.147382569698705113e-02
9.270084689590821214e-02
-8.142949248086801817e-02
3.907508737707360985e-02
6.601194006157963534e-02
-4.924426137798854769e-02
-1.677779769373368146e-01
-6.154414494009314424e-02
-1.681781233667651795e-02
-1.571304553193763887e-01
-5.483951761557803728e-02
-2.168762078296233298e-01
-8.606381263879246679e-02
1.330172186212341678e-01
-8.836358769089215637e-02
-6.684160104447603445e-02
-9.680134025948323529e-04
4.534480874360408142e-02
3.023644679151068354e-02
2.919799845679548964e-02
-3.562771869517956935e-03
7.971894213088702441e-02
7.923902457710185754e-02
-2.151239694776324873e-01
4.818357126382475514e-02
2.129807020079105620e-02
-8.236304841556450762e-02
-3.490896933538429336e-01
1.226464194192082996e-01
-6.421290226961107531e-03
7.287963407654798886e-02
1.280586181098671283e-01
-1.061320926759513200e-01
7.398962187029700655e-02
1.554217583762761970e-03
-5.449400141478093207e-03
-4.163457386274477257e-02
-1.606182677027985228e-01
-7.815135586533555195e-03
-9.512908191340527231e-02
-1.971119047413039393e-01
-8.156721513990784767e-02
-1.912018930974410981e-03
-3.454800230133732442e-02
2.683433462387000909e-02
-1.254944816802427629e-02
-4.956188502296454690e-02
7.697666543890695212e-03
4.282515955416278663e-02
